1399269600,1399269660
1399269660,1399269720
1399269720,1399269780
1399269780,1399269840
1399269840,1399269900
1399269900,1399269960
1399269960,1399270020
1399270020,1399270080
1399270080,1399270140
1399270140,1399270200
1399270200,1399270260
1399270260,1399270320
1399270320,1399270380
1399270380,1399270440
1399270440,1399270500
1399270500,1399270560
1399270560,1399270620
1399270620,1399270680
1399270680,1399270740
1399270740,1399270800
1399270800,1399270860
1399270860,1399270920
1399270920,1399270980
1399270980,1399271040
1399271040,1399271100
1399271100,1399271160
1399271160,1399271220
1399271220,1399271280
1399271280,1399271340
1399271340,1399271400
1399271400,1399271460
1399271460,1399271520
1399271520,1399271580
1399271580,1399271640
1399271640,1399271700
1399271700,1399271760
1399271760,1399271820
1399271820,1399271880
1399271880,1399271940
1399271940,1399272000
1399272000,1399272060
1399272060,1399272120
1399272120,1399272180
1399272180,1399272240
1399272240,1399272300
1399272300,1399272360
1399272360,1399272420
1399272420,1399272480
1399272480,1399272540
1399272540,1399272600
1399272600,1399272660
1399272660,1399272720
1399272720,1399272780
1399272780,1399272840
1399272840,1399272900
1399272900,1399272960
1399272960,1399273020
1399273020,1399273080
1399273080,1399273140
1399273140,1399273200
1399273200,1399273260
1399273260,1399273320
1399273320,1399273380
1399273380,1399273440
1399273440,1399273500
1399273500,1399273560
1399273560,1399273620
1399273620,1399273680
1399273680,1399273740
1399273740,1399273800
1399273800,1399273860
1399273860,1399273920
1399273920,1399273980
1399273980,1399274040
1399274040,1399274100
1399274100,1399274160
1399274160,1399274220
1399274220,1399274280
1399274280,1399274340
1399274340,1399274400
1399274400,1399274460
1399274460,1399274520
1399274520,1399274580
1399274580,1399274640
1399274640,1399274700
1399274700,1399274760
1399274760,1399274820
1399274820,1399274880
1399274880,1399274940
1399274940,1399275000
1399275000,1399275060
1399275060,1399275120
1399275120,1399275180
1399275180,1399275240
1399275240,1399275300
1399275300,1399275360
1399275360,1399275420
1399275420,1399275480
1399275480,1399275540
1399275540,1399275600
1399275600,1399275660
1399275660,1399275720
1399275720,1399275780
1399275780,1399275840
1399275840,1399275900
1399275900,1399275960
1399275960,1399276020
1399276020,1399276080
1399276080,1399276140
1399276140,1399276200
1399276200,1399276260
1399276260,1399276320
1399276320,1399276380
1399276380,1399276440
1399276440,1399276500
1399276500,1399276560
1399276560,1399276620
1399276620,1399276680
1399276680,1399276740
1399276740,1399276800
1399276800,1399276860
1399276860,1399276920
1399276920,1399276980
1399276980,1399277040
1399277040,1399277100
1399277100,1399277160
1399277160,1399277220
1399277220,1399277280
1399277280,1399277340
1399277340,1399277400
1399277400,1399277460
1399277460,1399277520
1399277520,1399277580
1399277580,1399277640
1399277640,1399277700
1399277700,1399277760
1399277760,1399277820
1399277820,1399277880
1399277880,1399277940
1399277940,1399278000
1399278000,1399278060
1399278060,1399278120
1399278120,1399278180
1399278180,1399278240
1399278240,1399278300
1399278300,1399278360
1399278360,1399278420
1399278420,1399278480
1399278480,1399278540
1399278540,1399278600
1399278600,1399278660
1399278660,1399278720
1399278720,1399278780
1399278780,1399278840
1399278840,1399278900
1399278900,1399278960
1399278960,1399279020
1399279020,1399279080
1399279080,1399279140
1399279140,1399279200
1399279200,1399279260
1399279260,1399279320
1399279320,1399279380
1399279380,1399279440
1399279440,1399279500
1399279500,1399279560
1399279560,1399279620
1399279620,1399279680
1399279680,1399279740
1399279740,1399279800
1399279800,1399279860
1399279860,1399279920
1399279920,1399279980
1399279980,1399280040
1399280040,1399280100
1399280100,1399280160
1399280160,1399280220
1399280220,1399280280
1399280280,1399280340
1399280340,1399280400
1399280400,1399280460
1399280460,1399280520
1399280520,1399280580
1399280580,1399280640
1399280640,1399280700
1399280700,1399280760
1399280760,1399280820
1399280820,1399280880
1399280880,1399280940
1399280940,1399281000
1399281000,1399281060
1399281060,1399281120
1399281120,1399281180
1399281180,1399281240
1399281240,1399281300
1399281300,1399281360
1399281360,1399281420
1399281420,1399281480
1399281480,1399281540
1399281540,1399281600
1399281600,1399281660
1399281660,1399281720
1399281720,1399281780
1399281780,1399281840
1399281840,1399281900
1399281900,1399281960
1399281960,1399282020
1399282020,1399282080
1399282080,1399282140
1399282140,1399282200
1399282200,1399282260
1399282260,1399282320
1399282320,1399282380
1399282380,1399282440
1399282440,1399282500
1399282500,1399282560
1399282560,1399282620
1399282620,1399282680
1399282680,1399282740
1399282740,1399282800
1399282800,1399282860
1399282860,1399282920
1399282920,1399282980
1399282980,1399283040
1399283040,1399283100
1399283100,1399283160
1399283160,1399283220
1399283220,1399283280
1399283280,1399283340
1399283340,1399283400
1399283400,1399283460
1399283460,1399283520
1399283520,1399283580
1399283580,1399283640
1399283640,1399283700
1399283700,1399283760
1399283760,1399283820
1399283820,1399283880
1399283880,1399283940
1399283940,1399284000
1399284000,1399284060
1399284060,1399284120
1399284120,1399284180
1399284180,1399284240
1399284240,1399284300
1399284300,1399284360
1399284360,1399284420
1399284420,1399284480
1399284480,1399284540
1399284540,1399284600
1399284600,1399284660
1399284660,1399284720
1399284720,1399284780
1399284780,1399284840
1399284840,1399284900
1399284900,1399284960
1399284960,1399285020
1399285020,1399285080
1399285080,1399285140
1399285140,1399285200
1399285200,1399285260
1399285260,1399285320
1399285320,1399285380
1399285380,1399285440
1399285440,1399285500
1399285500,1399285560
1399285560,1399285620
1399285620,1399285680
1399285680,1399285740
1399285740,1399285800
1399285800,1399285860
1399285860,1399285920
1399285920,1399285980
1399285980,1399286040
1399286040,1399286100
1399286100,1399286160
1399286160,1399286220
1399286220,1399286280
1399286280,1399286340
1399286340,1399286400
1399286400,1399286460
1399286460,1399286520
1399286520,1399286580
1399286580,1399286640
1399286640,1399286700
1399286700,1399286760
1399286760,1399286820
1399286820,1399286880
1399286880,1399286940
1399286940,1399287000
1399287000,1399287060
1399287060,1399287120
1399287120,1399287180
1399287180,1399287240
1399287240,1399287300
1399287300,1399287360
1399287360,1399287420
1399287420,1399287480
1399287480,1399287540
1399287540,1399287600
1399287600,1399287660
1399287660,1399287720
1399287720,1399287780
1399287780,1399287840
1399287840,1399287900
1399287900,1399287960
1399287960,1399288020
1399288020,1399288080
1399288080,1399288140
1399288140,1399288200
1399288200,1399288260
1399288260,1399288320
1399288320,1399288380
1399288380,1399288440
1399288440,1399288500
1399288500,1399288560
1399288560,1399288620
1399288620,1399288680
1399288680,1399288740
1399288740,1399288800
1399288800,1399288860
1399288860,1399288920
1399288920,1399288980
1399288980,1399289040
1399289040,1399289100
1399289100,1399289160
1399289160,1399289220
1399289220,1399289280
1399289280,1399289340
1399289340,1399289400
1399289400,1399289460
1399289460,1399289520
1399289520,1399289580
1399289580,1399289640
1399289640,1399289700
1399289700,1399289760
1399289760,1399289820
1399289820,1399289880
1399289880,1399289940
1399289940,1399290000
1399290000,1399290060
1399290060,1399290120
1399290120,1399290180
1399290180,1399290240
1399290240,1399290300
1399290300,1399290360
1399290360,1399290420
1399290420,1399290480
1399290480,1399290540
1399290540,1399290600
1399290600,1399290660
1399290660,1399290720
1399290720,1399290780
1399290780,1399290840
1399290840,1399290900
1399290900,1399290960
1399290960,1399291020
1399291020,1399291080
1399291080,1399291140
1399291140,1399291200
1399291200,1399291260
1399291260,1399291320
1399291320,1399291380
1399291380,1399291440
1399291440,1399291500
1399291500,1399291560
1399291560,1399291620
1399291620,1399291680
1399291680,1399291740
1399291740,1399291800
1399291800,1399291860
1399291860,1399291920
1399291920,1399291980
1399291980,1399292040
1399292040,1399292100
1399292100,1399292160
1399292160,1399292220
1399292220,1399292280
1399292280,1399292340
1399292340,1399292400
1399292400,1399292460
1399292460,1399292520
1399292520,1399292580
1399292580,1399292640
1399292640,1399292700
1399292700,1399292760
1399292760,1399292820
1399292820,1399292880
1399292880,1399292940
1399292940,1399293000
1399293000,1399293060
1399293060,1399293120
1399293120,1399293180
1399293180,1399293240
1399293240,1399293300
1399293300,1399293360
1399293360,1399293420
1399293420,1399293480
1399293480,1399293540
1399293540,1399293600
1399293600,1399293660
1399293660,1399293720
1399293720,1399293780
1399293780,1399293840
1399293840,1399293900
1399293900,1399293960
1399293960,1399294020
1399294020,1399294080
1399294080,1399294140
1399294140,1399294200
1399294200,1399294260
1399294260,1399294320
1399294320,1399294380
1399294380,1399294440
1399294440,1399294500
1399294500,1399294560
1399294560,1399294620
1399294620,1399294680
1399294680,1399294740
1399294740,1399294800
1399294800,1399294860
1399294860,1399294920
1399294920,1399294980
1399294980,1399295040
1399295040,1399295100
1399295100,1399295160
1399295160,1399295220
1399295220,1399295280
1399295280,1399295340
1399295340,1399295400
1399295400,1399295460
1399295460,1399295520
1399295520,1399295580
1399295580,1399295640
1399295640,1399295700
1399295700,1399295760
1399295760,1399295820
1399295820,1399295880
1399295880,1399295940
1399295940,1399296000
1399296000,1399296060
1399296060,1399296120
1399296120,1399296180
1399296180,1399296240
1399296240,1399296300
1399296300,1399296360
1399296360,1399296420
1399296420,1399296480
1399296480,1399296540
1399296540,1399296600
1399296600,1399296660
1399296660,1399296720
1399296720,1399296780
1399296780,1399296840
1399296840,1399296900
1399296900,1399296960
1399296960,1399297020
1399297020,1399297080
1399297080,1399297140
1399297140,1399297200
1399297200,1399297260
1399297260,1399297320
1399297320,1399297380
1399297380,1399297440
1399297440,1399297500
1399297500,1399297560
1399297560,1399297620
1399297620,1399297680
1399297680,1399297740
1399297740,1399297800
1399297800,1399297860
1399297860,1399297920
1399297920,1399297980
1399297980,1399298040
1399298040,1399298100
1399298100,1399298160
1399298160,1399298220
1399298220,1399298280
1399298280,1399298340
1399298340,1399298400
1399298400,1399298460
1399298460,1399298520
1399298520,1399298580
1399298580,1399298640
1399298640,1399298700
1399298700,1399298760
1399298760,1399298820
1399298820,1399298880
1399298880,1399298940
1399298940,1399299000
1399299000,1399299060
1399299060,1399299120
1399299120,1399299180
1399299180,1399299240
1399299240,1399299300
1399299300,1399299360
1399299360,1399299420
1399299420,1399299480
1399299480,1399299540
1399299540,1399299600
1399299600,1399299660
1399299660,1399299720
1399299720,1399299780
1399299780,1399299840
1399299840,1399299900
1399299900,1399299960
1399299960,1399300020
1399300020,1399300080
1399300080,1399300140
1399300140,1399300200
1399300200,1399300260
1399300260,1399300320
1399300320,1399300380
1399300380,1399300440
1399300440,1399300500
1399300500,1399300560
1399300560,1399300620
1399300620,1399300680
1399300680,1399300740
1399300740,1399300800
1399300800,1399300860
1399300860,1399300920
1399300920,1399300980
1399300980,1399301040
1399301040,1399301100
1399301100,1399301160
1399301160,1399301220
1399301220,1399301280
1399301280,1399301340
1399301340,1399301400
1399301400,1399301460
1399301460,1399301520
1399301520,1399301580
1399301580,1399301640
1399301640,1399301700
1399301700,1399301760
1399301760,1399301820
1399301820,1399301880
1399301880,1399301940
1399301940,1399302000
1399302000,1399302060
1399302060,1399302120
1399302120,1399302180
1399302180,1399302240
1399302240,1399302300
1399302300,1399302360
1399302360,1399302420
1399302420,1399302480
1399302480,1399302540
1399302540,1399302600
1399302600,1399302660
1399302660,1399302720
1399302720,1399302780
1399302780,1399302840
1399302840,1399302900
1399302900,1399302960
1399302960,1399303020
1399303020,1399303080
1399303080,1399303140
1399303140,1399303200
1399303200,1399303260
1399303260,1399303320
1399303320,1399303380
1399303380,1399303440
1399303440,1399303500
1399303500,1399303560
1399303560,1399303620
1399303620,1399303680
1399303680,1399303740
1399303740,1399303800
1399303800,1399303860
1399303860,1399303920
1399303920,1399303980
1399303980,1399304040
1399304040,1399304100
1399304100,1399304160
1399304160,1399304220
1399304220,1399304280
1399304280,1399304340
1399304340,1399304400
1399304400,1399304460
1399304460,1399304520
1399304520,1399304580
1399304580,1399304640
1399304640,1399304700
1399304700,1399304760
1399304760,1399304820
1399304820,1399304880
1399304880,1399304940
1399304940,1399305000
1399305000,1399305060
1399305060,1399305120
1399305120,1399305180
1399305180,1399305240
1399305240,1399305300
1399305300,1399305360
1399305360,1399305420
1399305420,1399305480
1399305480,1399305540
1399305540,1399305600
1399305600,1399305660
1399305660,1399305720
1399305720,1399305780
1399305780,1399305840
1399305840,1399305900
1399305900,1399305960
1399305960,1399306020
1399306020,1399306080
1399306080,1399306140
1399306140,1399306200
1399306200,1399306260
1399306260,1399306320
1399306320,1399306380
1399306380,1399306440
1399306440,1399306500
1399306500,1399306560
1399306560,1399306620
1399306620,1399306680
1399306680,1399306740
1399306740,1399306800
1399306800,1399306860
1399306860,1399306920
1399306920,1399306980
1399306980,1399307040
1399307040,1399307100
1399307100,1399307160
1399307160,1399307220
1399307220,1399307280
1399307280,1399307340
1399307340,1399307400
1399307400,1399307460
1399307460,1399307520
1399307520,1399307580
1399307580,1399307640
1399307640,1399307700
1399307700,1399307760
1399307760,1399307820
1399307820,1399307880
1399307880,1399307940
1399307940,1399308000
1399308000,1399308060
1399308060,1399308120
1399308120,1399308180
1399308180,1399308240
1399308240,1399308300
1399308300,1399308360
1399308360,1399308420
1399308420,1399308480
1399308480,1399308540
1399308540,1399308600
1399308600,1399308660
1399308660,1399308720
1399308720,1399308780
1399308780,1399308840
1399308840,1399308900
1399308900,1399308960
1399308960,1399309020
1399309020,1399309080
1399309080,1399309140
1399309140,1399309200
1399309200,1399309260
1399309260,1399309320
1399309320,1399309380
1399309380,1399309440
1399309440,1399309500
1399309500,1399309560
1399309560,1399309620
1399309620,1399309680
1399309680,1399309740
1399309740,1399309800
1399309800,1399309860
1399309860,1399309920
1399309920,1399309980
1399309980,1399310040
1399310040,1399310100
1399310100,1399310160
1399310160,1399310220
1399310220,1399310280
1399310280,1399310340
1399310340,1399310400
1399310400,1399310460
1399310460,1399310520
1399310520,1399310580
1399310580,1399310640
1399310640,1399310700
1399310700,1399310760
1399310760,1399310820
1399310820,1399310880
1399310880,1399310940
1399310940,1399311000
1399311000,1399311060
1399311060,1399311120
1399311120,1399311180
1399311180,1399311240
1399311240,1399311300
1399311300,1399311360
1399311360,1399311420
1399311420,1399311480
1399311480,1399311540
1399311540,1399311600
1399311600,1399311660
1399311660,1399311720
1399311720,1399311780
1399311780,1399311840
1399311840,1399311900
1399311900,1399311960
1399311960,1399312020
1399312020,1399312080
1399312080,1399312140
1399312140,1399312200
1399312200,1399312260
1399312260,1399312320
1399312320,1399312380
1399312380,1399312440
1399312440,1399312500
1399312500,1399312560
1399312560,1399312620
1399312620,1399312680
1399312680,1399312740
1399312740,1399312800
1399312800,1399312860
1399312860,1399312920
1399312920,1399312980
1399312980,1399313040
1399313040,1399313100
1399313100,1399313160
1399313160,1399313220
1399313220,1399313280
1399313280,1399313340
1399313340,1399313400
1399313400,1399313460
1399313460,1399313520
1399313520,1399313580
1399313580,1399313640
1399313640,1399313700
1399313700,1399313760
1399313760,1399313820
1399313820,1399313880
1399313880,1399313940
1399313940,1399314000
1399314000,1399314060
1399314060,1399314120
1399314120,1399314180
1399314180,1399314240
1399314240,1399314300
1399314300,1399314360
1399314360,1399314420
1399314420,1399314480
1399314480,1399314540
1399314540,1399314600
1399314600,1399314660
1399314660,1399314720
1399314720,1399314780
1399314780,1399314840
1399314840,1399314900
1399314900,1399314960
1399314960,1399315020
1399315020,1399315080
1399315080,1399315140
1399315140,1399315200
1399315200,1399315260
1399315260,1399315320
1399315320,1399315380
1399315380,1399315440
1399315440,1399315500
1399315500,1399315560
1399315560,1399315620
1399315620,1399315680
1399315680,1399315740
1399315740,1399315800
1399315800,1399315860
1399315860,1399315920
1399315920,1399315980
1399315980,1399316040
1399316040,1399316100
1399316100,1399316160
1399316160,1399316220
1399316220,1399316280
1399316280,1399316340
1399316340,1399316400
1399316400,1399316460
1399316460,1399316520
1399316520,1399316580
1399316580,1399316640
1399316640,1399316700
1399316700,1399316760
1399316760,1399316820
1399316820,1399316880
1399316880,1399316940
1399316940,1399317000
1399317000,1399317060
1399317060,1399317120
1399317120,1399317180
1399317180,1399317240
1399317240,1399317300
1399317300,1399317360
1399317360,1399317420
1399317420,1399317480
1399317480,1399317540
1399317540,1399317600
1399317600,1399317660
1399317660,1399317720
1399317720,1399317780
1399317780,1399317840
1399317840,1399317900
1399317900,1399317960
1399317960,1399318020
1399318020,1399318080
1399318080,1399318140
1399318140,1399318200
1399318200,1399318260
1399318260,1399318320
1399318320,1399318380
1399318380,1399318440
1399318440,1399318500
1399318500,1399318560
1399318560,1399318620
1399318620,1399318680
1399318680,1399318740
1399318740,1399318800
1399318800,1399318860
1399318860,1399318920
1399318920,1399318980
1399318980,1399319040
1399319040,1399319100
1399319100,1399319160
1399319160,1399319220
1399319220,1399319280
1399319280,1399319340
1399319340,1399319400
1399319400,1399319460
1399319460,1399319520
1399319520,1399319580
1399319580,1399319640
1399319640,1399319700
1399319700,1399319760
1399319760,1399319820
1399319820,1399319880
1399319880,1399319940
1399319940,1399320000
1399320000,1399320060
1399320060,1399320120
1399320120,1399320180
1399320180,1399320240
1399320240,1399320300
1399320300,1399320360
1399320360,1399320420
1399320420,1399320480
1399320480,1399320540
1399320540,1399320600
1399320600,1399320660
1399320660,1399320720
1399320720,1399320780
1399320780,1399320840
1399320840,1399320900
1399320900,1399320960
1399320960,1399321020
1399321020,1399321080
1399321080,1399321140
1399321140,1399321200
1399321200,1399321260
1399321260,1399321320
1399321320,1399321380
1399321380,1399321440
1399321440,1399321500
1399321500,1399321560
1399321560,1399321620
1399321620,1399321680
1399321680,1399321740
1399321740,1399321800
1399321800,1399321860
1399321860,1399321920
1399321920,1399321980
1399321980,1399322040
1399322040,1399322100
1399322100,1399322160
1399322160,1399322220
1399322220,1399322280
1399322280,1399322340
1399322340,1399322400
1399322400,1399322460
1399322460,1399322520
1399322520,1399322580
1399322580,1399322640
1399322640,1399322700
1399322700,1399322760
1399322760,1399322820
1399322820,1399322880
1399322880,1399322940
1399322940,1399323000
1399323000,1399323060
1399323060,1399323120
1399323120,1399323180
1399323180,1399323240
1399323240,1399323300
1399323300,1399323360
1399323360,1399323420
1399323420,1399323480
1399323480,1399323540
1399323540,1399323600
1399323600,1399323660
1399323660,1399323720
1399323720,1399323780
1399323780,1399323840
1399323840,1399323900
1399323900,1399323960
1399323960,1399324020
1399324020,1399324080
1399324080,1399324140
1399324140,1399324200
1399324200,1399324260
1399324260,1399324320
1399324320,1399324380
1399324380,1399324440
1399324440,1399324500
1399324500,1399324560
1399324560,1399324620
1399324620,1399324680
1399324680,1399324740
1399324740,1399324800
1399324800,1399324860
1399324860,1399324920
1399324920,1399324980
1399324980,1399325040
1399325040,1399325100
1399325100,1399325160
1399325160,1399325220
1399325220,1399325280
1399325280,1399325340
1399325340,1399325400
1399325400,1399325460
1399325460,1399325520
1399325520,1399325580
1399325580,1399325640
1399325640,1399325700
1399325700,1399325760
1399325760,1399325820
1399325820,1399325880
1399325880,1399325940
1399325940,1399326000
1399326000,1399326060
1399326060,1399326120
1399326120,1399326180
1399326180,1399326240
1399326240,1399326300
1399326300,1399326360
1399326360,1399326420
1399326420,1399326480
1399326480,1399326540
1399326540,1399326600
1399326600,1399326660
1399326660,1399326720
1399326720,1399326780
1399326780,1399326840
1399326840,1399326900
1399326900,1399326960
1399326960,1399327020
1399327020,1399327080
1399327080,1399327140
1399327140,1399327200
1399327200,1399327260
1399327260,1399327320
1399327320,1399327380
1399327380,1399327440
1399327440,1399327500
1399327500,1399327560
1399327560,1399327620
1399327620,1399327680
1399327680,1399327740
1399327740,1399327800
1399327800,1399327860
1399327860,1399327920
1399327920,1399327980
1399327980,1399328040
1399328040,1399328100
1399328100,1399328160
1399328160,1399328220
1399328220,1399328280
1399328280,1399328340
1399328340,1399328400
1399328400,1399328460
1399328460,1399328520
1399328520,1399328580
1399328580,1399328640
1399328640,1399328700
1399328700,1399328760
1399328760,1399328820
1399328820,1399328880
1399328880,1399328940
1399328940,1399329000
1399329000,1399329060
1399329060,1399329120
1399329120,1399329180
1399329180,1399329240
1399329240,1399329300
1399329300,1399329360
1399329360,1399329420
1399329420,1399329480
1399329480,1399329540
1399329540,1399329600
1399329600,1399329660
1399329660,1399329720
1399329720,1399329780
1399329780,1399329840
1399329840,1399329900
1399329900,1399329960
1399329960,1399330020
1399330020,1399330080
1399330080,1399330140
1399330140,1399330200
1399330200,1399330260
1399330260,1399330320
1399330320,1399330380
1399330380,1399330440
1399330440,1399330500
1399330500,1399330560
1399330560,1399330620
1399330620,1399330680
1399330680,1399330740
1399330740,1399330800
1399330800,1399330860
1399330860,1399330920
1399330920,1399330980
1399330980,1399331040
1399331040,1399331100
1399331100,1399331160
1399331160,1399331220
1399331220,1399331280
1399331280,1399331340
1399331340,1399331400
1399331400,1399331460
1399331460,1399331520
1399331520,1399331580
1399331580,1399331640
1399331640,1399331700
1399331700,1399331760
1399331760,1399331820
1399331820,1399331880
1399331880,1399331940
1399331940,1399332000
1399332000,1399332060
1399332060,1399332120
1399332120,1399332180
1399332180,1399332240
1399332240,1399332300
1399332300,1399332360
1399332360,1399332420
1399332420,1399332480
1399332480,1399332540
1399332540,1399332600
1399332600,1399332660
1399332660,1399332720
1399332720,1399332780
1399332780,1399332840
1399332840,1399332900
1399332900,1399332960
1399332960,1399333020
1399333020,1399333080
1399333080,1399333140
1399333140,1399333200
1399333200,1399333260
1399333260,1399333320
1399333320,1399333380
1399333380,1399333440
1399333440,1399333500
1399333500,1399333560
1399333560,1399333620
1399333620,1399333680
1399333680,1399333740
1399333740,1399333800
1399333800,1399333860
1399333860,1399333920
1399333920,1399333980
1399333980,1399334040
1399334040,1399334100
1399334100,1399334160
1399334160,1399334220
1399334220,1399334280
1399334280,1399334340
1399334340,1399334400
1399334400,1399334460
1399334460,1399334520
1399334520,1399334580
1399334580,1399334640
1399334640,1399334700
1399334700,1399334760
1399334760,1399334820
1399334820,1399334880
1399334880,1399334940
1399334940,1399335000
1399335000,1399335060
1399335060,1399335120
1399335120,1399335180
1399335180,1399335240
1399335240,1399335300
1399335300,1399335360
1399335360,1399335420
1399335420,1399335480
1399335480,1399335540
1399335540,1399335600
1399335600,1399335660
1399335660,1399335720
1399335720,1399335780
1399335780,1399335840
1399335840,1399335900
1399335900,1399335960
1399335960,1399336020
1399336020,1399336080
1399336080,1399336140
1399336140,1399336200
1399336200,1399336260
1399336260,1399336320
1399336320,1399336380
1399336380,1399336440
1399336440,1399336500
1399336500,1399336560
1399336560,1399336620
1399336620,1399336680
1399336680,1399336740
1399336740,1399336800
1399336800,1399336860
1399336860,1399336920
1399336920,1399336980
1399336980,1399337040
1399337040,1399337100
1399337100,1399337160
1399337160,1399337220
1399337220,1399337280
1399337280,1399337340
1399337340,1399337400
1399337400,1399337460
1399337460,1399337520
1399337520,1399337580
1399337580,1399337640
1399337640,1399337700
1399337700,1399337760
1399337760,1399337820
1399337820,1399337880
1399337880,1399337940
1399337940,1399338000
1399338000,1399338060
1399338060,1399338120
1399338120,1399338180
1399338180,1399338240
1399338240,1399338300
1399338300,1399338360
1399338360,1399338420
1399338420,1399338480
1399338480,1399338540
1399338540,1399338600
1399338600,1399338660
1399338660,1399338720
1399338720,1399338780
1399338780,1399338840
1399338840,1399338900
1399338900,1399338960
1399338960,1399339020
1399339020,1399339080
1399339080,1399339140
1399339140,1399339200
1399339200,1399339260
1399339260,1399339320
1399339320,1399339380
1399339380,1399339440
1399339440,1399339500
1399339500,1399339560
1399339560,1399339620
1399339620,1399339680
1399339680,1399339740
1399339740,1399339800
1399339800,1399339860
1399339860,1399339920
1399339920,1399339980
1399339980,1399340040
1399340040,1399340100
1399340100,1399340160
1399340160,1399340220
1399340220,1399340280
1399340280,1399340340
1399340340,1399340400
1399340400,1399340460
1399340460,1399340520
1399340520,1399340580
1399340580,1399340640
1399340640,1399340700
1399340700,1399340760
1399340760,1399340820
1399340820,1399340880
1399340880,1399340940
1399340940,1399341000
1399341000,1399341060
1399341060,1399341120
1399341120,1399341180
1399341180,1399341240
1399341240,1399341300
1399341300,1399341360
1399341360,1399341420
1399341420,1399341480
1399341480,1399341540
1399341540,1399341600
1399341600,1399341660
1399341660,1399341720
1399341720,1399341780
1399341780,1399341840
1399341840,1399341900
1399341900,1399341960
1399341960,1399342020
1399342020,1399342080
1399342080,1399342140
1399342140,1399342200
1399342200,1399342260
1399342260,1399342320
1399342320,1399342380
1399342380,1399342440
1399342440,1399342500
1399342500,1399342560
1399342560,1399342620
1399342620,1399342680
1399342680,1399342740
1399342740,1399342800
1399342800,1399342860
1399342860,1399342920
1399342920,1399342980
1399342980,1399343040
1399343040,1399343100
1399343100,1399343160
1399343160,1399343220
1399343220,1399343280
1399343280,1399343340
1399343340,1399343400
1399343400,1399343460
1399343460,1399343520
1399343520,1399343580
1399343580,1399343640
1399343640,1399343700
1399343700,1399343760
1399343760,1399343820
1399343820,1399343880
1399343880,1399343940
1399343940,1399344000
1399344000,1399344060
1399344060,1399344120
1399344120,1399344180
1399344180,1399344240
1399344240,1399344300
1399344300,1399344360
1399344360,1399344420
1399344420,1399344480
1399344480,1399344540
1399344540,1399344600
1399344600,1399344660
1399344660,1399344720
1399344720,1399344780
1399344780,1399344840
1399344840,1399344900
1399344900,1399344960
1399344960,1399345020
1399345020,1399345080
1399345080,1399345140
1399345140,1399345200
1399345200,1399345260
1399345260,1399345320
1399345320,1399345380
1399345380,1399345440
1399345440,1399345500
1399345500,1399345560
1399345560,1399345620
1399345620,1399345680
1399345680,1399345740
1399345740,1399345800
1399345800,1399345860
1399345860,1399345920
1399345920,1399345980
1399345980,1399346040
1399346040,1399346100
1399346100,1399346160
1399346160,1399346220
1399346220,1399346280
1399346280,1399346340
1399346340,1399346400
1399346400,1399346460
1399346460,1399346520
1399346520,1399346580
1399346580,1399346640
1399346640,1399346700
1399346700,1399346760
1399346760,1399346820
1399346820,1399346880
1399346880,1399346940
1399346940,1399347000
1399347000,1399347060
1399347060,1399347120
1399347120,1399347180
1399347180,1399347240
1399347240,1399347300
1399347300,1399347360
1399347360,1399347420
1399347420,1399347480
1399347480,1399347540
1399347540,1399347600
1399347600,1399347660
1399347660,1399347720
1399347720,1399347780
1399347780,1399347840
1399347840,1399347900
1399347900,1399347960
1399347960,1399348020
1399348020,1399348080
1399348080,1399348140
1399348140,1399348200
1399348200,1399348260
1399348260,1399348320
1399348320,1399348380
1399348380,1399348440
1399348440,1399348500
1399348500,1399348560
1399348560,1399348620
1399348620,1399348680
1399348680,1399348740
1399348740,1399348800
1399348800,1399348860
1399348860,1399348920
1399348920,1399348980
1399348980,1399349040
1399349040,1399349100
1399349100,1399349160
1399349160,1399349220
1399349220,1399349280
1399349280,1399349340
1399349340,1399349400
1399349400,1399349460
1399349460,1399349520
1399349520,1399349580
1399349580,1399349640
1399349640,1399349700
1399349700,1399349760
1399349760,1399349820
1399349820,1399349880
1399349880,1399349940
1399349940,1399350000
1399350000,1399350060
1399350060,1399350120
1399350120,1399350180
1399350180,1399350240
1399350240,1399350300
1399350300,1399350360
1399350360,1399350420
1399350420,1399350480
1399350480,1399350540
1399350540,1399350600
1399350600,1399350660
1399350660,1399350720
1399350720,1399350780
1399350780,1399350840
1399350840,1399350900
1399350900,1399350960
1399350960,1399351020
1399351020,1399351080
1399351080,1399351140
1399351140,1399351200
1399351200,1399351260
1399351260,1399351320
1399351320,1399351380
1399351380,1399351440
1399351440,1399351500
1399351500,1399351560
1399351560,1399351620
1399351620,1399351680
1399351680,1399351740
1399351740,1399351800
1399351800,1399351860
1399351860,1399351920
1399351920,1399351980
1399351980,1399352040
1399352040,1399352100
1399352100,1399352160
1399352160,1399352220
1399352220,1399352280
1399352280,1399352340
1399352340,1399352400
1399352400,1399352460
1399352460,1399352520
1399352520,1399352580
1399352580,1399352640
1399352640,1399352700
1399352700,1399352760
1399352760,1399352820
1399352820,1399352880
1399352880,1399352940
1399352940,1399353000
1399353000,1399353060
1399353060,1399353120
1399353120,1399353180
1399353180,1399353240
1399353240,1399353300
1399353300,1399353360
1399353360,1399353420
1399353420,1399353480
1399353480,1399353540
1399353540,1399353600
1399353600,1399353660
1399353660,1399353720
1399353720,1399353780
1399353780,1399353840
1399353840,1399353900
1399353900,1399353960
1399353960,1399354020
1399354020,1399354080
1399354080,1399354140
1399354140,1399354200
1399354200,1399354260
1399354260,1399354320
1399354320,1399354380
1399354380,1399354440
1399354440,1399354500
1399354500,1399354560
1399354560,1399354620
1399354620,1399354680
1399354680,1399354740
1399354740,1399354800
1399354800,1399354860
1399354860,1399354920
1399354920,1399354980
1399354980,1399355040
1399355040,1399355100
1399355100,1399355160
1399355160,1399355220
1399355220,1399355280
1399355280,1399355340
1399355340,1399355400
1399355400,1399355460
1399355460,1399355520
1399355520,1399355580
1399355580,1399355640
1399355640,1399355700
1399355700,1399355760
1399355760,1399355820
1399355820,1399355880
1399355880,1399355940
1399355940,1399356000
1399356000,1399356060
1399356060,1399356120
1399356120,1399356180
1399356180,1399356240
1399356240,1399356300
1399356300,1399356360
1399356360,1399356420
1399356420,1399356480
1399356480,1399356540
1399356540,1399356600
1399356600,1399356660
1399356660,1399356720
1399356720,1399356780
1399356780,1399356840
1399356840,1399356900
1399356900,1399356960
1399356960,1399357020
1399357020,1399357080
1399357080,1399357140
1399357140,1399357200
1399357200,1399357260
1399357260,1399357320
1399357320,1399357380
1399357380,1399357440
1399357440,1399357500
1399357500,1399357560
1399357560,1399357620
1399357620,1399357680
1399357680,1399357740
1399357740,1399357800
1399357800,1399357860
1399357860,1399357920
1399357920,1399357980
1399357980,1399358040
1399358040,1399358100
1399358100,1399358160
1399358160,1399358220
1399358220,1399358280
1399358280,1399358340
1399358340,1399358400
1399358400,1399358460
1399358460,1399358520
1399358520,1399358580
1399358580,1399358640
1399358640,1399358700
1399358700,1399358760
1399358760,1399358820
1399358820,1399358880
1399358880,1399358940
1399358940,1399359000
1399359000,1399359060
1399359060,1399359120
1399359120,1399359180
1399359180,1399359240
1399359240,1399359300
1399359300,1399359360
1399359360,1399359420
1399359420,1399359480
1399359480,1399359540
1399359540,1399359600
1399359600,1399359660
1399359660,1399359720
1399359720,1399359780
1399359780,1399359840
1399359840,1399359900
1399359900,1399359960
1399359960,1399360020
1399360020,1399360080
1399360080,1399360140
1399360140,1399360200
1399360200,1399360260
1399360260,1399360320
1399360320,1399360380
1399360380,1399360440
1399360440,1399360500
1399360500,1399360560
1399360560,1399360620
1399360620,1399360680
1399360680,1399360740
1399360740,1399360800
1399360800,1399360860
1399360860,1399360920
1399360920,1399360980
1399360980,1399361040
1399361040,1399361100
1399361100,1399361160
1399361160,1399361220
1399361220,1399361280
1399361280,1399361340
1399361340,1399361400
1399361400,1399361460
1399361460,1399361520
1399361520,1399361580
1399361580,1399361640
1399361640,1399361700
1399361700,1399361760
1399361760,1399361820
1399361820,1399361880
1399361880,1399361940
1399361940,1399362000
1399362000,1399362060
1399362060,1399362120
1399362120,1399362180
1399362180,1399362240
1399362240,1399362300
1399362300,1399362360
1399362360,1399362420
1399362420,1399362480
1399362480,1399362540
1399362540,1399362600
1399362600,1399362660
1399362660,1399362720
1399362720,1399362780
1399362780,1399362840
1399362840,1399362900
1399362900,1399362960
1399362960,1399363020
1399363020,1399363080
1399363080,1399363140
1399363140,1399363200
1399363200,1399363260
1399363260,1399363320
1399363320,1399363380
1399363380,1399363440
1399363440,1399363500
1399363500,1399363560
1399363560,1399363620
1399363620,1399363680
1399363680,1399363740
1399363740,1399363800
1399363800,1399363860
1399363860,1399363920
1399363920,1399363980
1399363980,1399364040
1399364040,1399364100
1399364100,1399364160
1399364160,1399364220
1399364220,1399364280
1399364280,1399364340
1399364340,1399364400
1399364400,1399364460
1399364460,1399364520
1399364520,1399364580
1399364580,1399364640
1399364640,1399364700
1399364700,1399364760
1399364760,1399364820
1399364820,1399364880
1399364880,1399364940
1399364940,1399365000
1399365000,1399365060
1399365060,1399365120
1399365120,1399365180
1399365180,1399365240
1399365240,1399365300
1399365300,1399365360
1399365360,1399365420
1399365420,1399365480
1399365480,1399365540
1399365540,1399365600
1399365600,1399365660
1399365660,1399365720
1399365720,1399365780
1399365780,1399365840
1399365840,1399365900
1399365900,1399365960
1399365960,1399366020
1399366020,1399366080
1399366080,1399366140
1399366140,1399366200
1399366200,1399366260
1399366260,1399366320
1399366320,1399366380
1399366380,1399366440
1399366440,1399366500
1399366500,1399366560
1399366560,1399366620
1399366620,1399366680
1399366680,1399366740
1399366740,1399366800
1399366800,1399366860
1399366860,1399366920
1399366920,1399366980
1399366980,1399367040
1399367040,1399367100
1399367100,1399367160
1399367160,1399367220
1399367220,1399367280
1399367280,1399367340
1399367340,1399367400
1399367400,1399367460
1399367460,1399367520
1399367520,1399367580
1399367580,1399367640
1399367640,1399367700
1399367700,1399367760
1399367760,1399367820
1399367820,1399367880
1399367880,1399367940
1399367940,1399368000
1399368000,1399368060
1399368060,1399368120
1399368120,1399368180
1399368180,1399368240
1399368240,1399368300
1399368300,1399368360
1399368360,1399368420
1399368420,1399368480
1399368480,1399368540
1399368540,1399368600
1399368600,1399368660
1399368660,1399368720
1399368720,1399368780
1399368780,1399368840
1399368840,1399368900
1399368900,1399368960
1399368960,1399369020
1399369020,1399369080
1399369080,1399369140
1399369140,1399369200
1399369200,1399369260
1399369260,1399369320
1399369320,1399369380
1399369380,1399369440
1399369440,1399369500
1399369500,1399369560
1399369560,1399369620
1399369620,1399369680
1399369680,1399369740
1399369740,1399369800
1399369800,1399369860
1399369860,1399369920
1399369920,1399369980
1399369980,1399370040
1399370040,1399370100
1399370100,1399370160
1399370160,1399370220
1399370220,1399370280
1399370280,1399370340
1399370340,1399370400
1399370400,1399370460
1399370460,1399370520
1399370520,1399370580
1399370580,1399370640
1399370640,1399370700
1399370700,1399370760
1399370760,1399370820
1399370820,1399370880
1399370880,1399370940
1399370940,1399371000
1399371000,1399371060
1399371060,1399371120
1399371120,1399371180
1399371180,1399371240
1399371240,1399371300
1399371300,1399371360
1399371360,1399371420
1399371420,1399371480
1399371480,1399371540
1399371540,1399371600
1399371600,1399371660
1399371660,1399371720
1399371720,1399371780
1399371780,1399371840
1399371840,1399371900
1399371900,1399371960
1399371960,1399372020
1399372020,1399372080
1399372080,1399372140
1399372140,1399372200
1399372200,1399372260
1399372260,1399372320
1399372320,1399372380
1399372380,1399372440
1399372440,1399372500
1399372500,1399372560
1399372560,1399372620
1399372620,1399372680
1399372680,1399372740
1399372740,1399372800
1399372800,1399372860
1399372860,1399372920
1399372920,1399372980
1399372980,1399373040
1399373040,1399373100
1399373100,1399373160
1399373160,1399373220
1399373220,1399373280
1399373280,1399373340
1399373340,1399373400
1399373400,1399373460
1399373460,1399373520
1399373520,1399373580
1399373580,1399373640
1399373640,1399373700
1399373700,1399373760
1399373760,1399373820
1399373820,1399373880
1399373880,1399373940
1399373940,1399374000
1399374000,1399374060
1399374060,1399374120
1399374120,1399374180
1399374180,1399374240
1399374240,1399374300
1399374300,1399374360
1399374360,1399374420
1399374420,1399374480
1399374480,1399374540
1399374540,1399374600
1399374600,1399374660
1399374660,1399374720
1399374720,1399374780
1399374780,1399374840
1399374840,1399374900
1399374900,1399374960
1399374960,1399375020
1399375020,1399375080
1399375080,1399375140
1399375140,1399375200
1399375200,1399375260
1399375260,1399375320
1399375320,1399375380
1399375380,1399375440
1399375440,1399375500
1399375500,1399375560
1399375560,1399375620
1399375620,1399375680
1399375680,1399375740
1399375740,1399375800
1399375800,1399375860
1399375860,1399375920
1399375920,1399375980
1399375980,1399376040
1399376040,1399376100
1399376100,1399376160
1399376160,1399376220
1399376220,1399376280
1399376280,1399376340
1399376340,1399376400
1399376400,1399376460
1399376460,1399376520
1399376520,1399376580
1399376580,1399376640
1399376640,1399376700
1399376700,1399376760
1399376760,1399376820
1399376820,1399376880
1399376880,1399376940
1399376940,1399377000
1399377000,1399377060
1399377060,1399377120
1399377120,1399377180
1399377180,1399377240
1399377240,1399377300
1399377300,1399377360
1399377360,1399377420
1399377420,1399377480
1399377480,1399377540
1399377540,1399377600
1399377600,1399377660
1399377660,1399377720
1399377720,1399377780
1399377780,1399377840
1399377840,1399377900
1399377900,1399377960
1399377960,1399378020
1399378020,1399378080
1399378080,1399378140
1399378140,1399378200
1399378200,1399378260
1399378260,1399378320
1399378320,1399378380
1399378380,1399378440
1399378440,1399378500
1399378500,1399378560
1399378560,1399378620
1399378620,1399378680
1399378680,1399378740
1399378740,1399378800
1399378800,1399378860
1399378860,1399378920
1399378920,1399378980
1399378980,1399379040
1399379040,1399379100
1399379100,1399379160
1399379160,1399379220
1399379220,1399379280
1399379280,1399379340
1399379340,1399379400
1399379400,1399379460
1399379460,1399379520
1399379520,1399379580
1399379580,1399379640
1399379640,1399379700
1399379700,1399379760
1399379760,1399379820
1399379820,1399379880
1399379880,1399379940
1399379940,1399380000
1399380000,1399380060
1399380060,1399380120
1399380120,1399380180
1399380180,1399380240
1399380240,1399380300
1399380300,1399380360
1399380360,1399380420
1399380420,1399380480
1399380480,1399380540
1399380540,1399380600
1399380600,1399380660
1399380660,1399380720
1399380720,1399380780
1399380780,1399380840
1399380840,1399380900
1399380900,1399380960
1399380960,1399381020
1399381020,1399381080
1399381080,1399381140
1399381140,1399381200
1399381200,1399381260
1399381260,1399381320
1399381320,1399381380
1399381380,1399381440
1399381440,1399381500
1399381500,1399381560
1399381560,1399381620
1399381620,1399381680
1399381680,1399381740
1399381740,1399381800
1399381800,1399381860
1399381860,1399381920
1399381920,1399381980
1399381980,1399382040
1399382040,1399382100
1399382100,1399382160
1399382160,1399382220
1399382220,1399382280
1399382280,1399382340
1399382340,1399382400
1399382400,1399382460
1399382460,1399382520
1399382520,1399382580
1399382580,1399382640
1399382640,1399382700
1399382700,1399382760
1399382760,1399382820
1399382820,1399382880
1399382880,1399382940
1399382940,1399383000
1399383000,1399383060
1399383060,1399383120
1399383120,1399383180
1399383180,1399383240
1399383240,1399383300
1399383300,1399383360
1399383360,1399383420
1399383420,1399383480
1399383480,1399383540
1399383540,1399383600
1399383600,1399383660
1399383660,1399383720
1399383720,1399383780
1399383780,1399383840
1399383840,1399383900
1399383900,1399383960
1399383960,1399384020
1399384020,1399384080
1399384080,1399384140
1399384140,1399384200
1399384200,1399384260
1399384260,1399384320
1399384320,1399384380
1399384380,1399384440
1399384440,1399384500
1399384500,1399384560
1399384560,1399384620
1399384620,1399384680
1399384680,1399384740
1399384740,1399384800
1399384800,1399384860
1399384860,1399384920
1399384920,1399384980
1399384980,1399385040
1399385040,1399385100
1399385100,1399385160
1399385160,1399385220
1399385220,1399385280
1399385280,1399385340
1399385340,1399385400
1399385400,1399385460
1399385460,1399385520
1399385520,1399385580
1399385580,1399385640
1399385640,1399385700
1399385700,1399385760
1399385760,1399385820
1399385820,1399385880
1399385880,1399385940
1399385940,1399386000
1399386000,1399386060
1399386060,1399386120
1399386120,1399386180
1399386180,1399386240
1399386240,1399386300
1399386300,1399386360
1399386360,1399386420
1399386420,1399386480
1399386480,1399386540
1399386540,1399386600
1399386600,1399386660
1399386660,1399386720
1399386720,1399386780
1399386780,1399386840
1399386840,1399386900
1399386900,1399386960
1399386960,1399387020
1399387020,1399387080
1399387080,1399387140
1399387140,1399387200
1399387200,1399387260
1399387260,1399387320
1399387320,1399387380
1399387380,1399387440
1399387440,1399387500
1399387500,1399387560
1399387560,1399387620
1399387620,1399387680
1399387680,1399387740
1399387740,1399387800
1399387800,1399387860
1399387860,1399387920
1399387920,1399387980
1399387980,1399388040
1399388040,1399388100
1399388100,1399388160
1399388160,1399388220
1399388220,1399388280
1399388280,1399388340
1399388340,1399388400
1399388400,1399388460
1399388460,1399388520
1399388520,1399388580
1399388580,1399388640
1399388640,1399388700
1399388700,1399388760
1399388760,1399388820
1399388820,1399388880
1399388880,1399388940
1399388940,1399389000
1399389000,1399389060
1399389060,1399389120
1399389120,1399389180
1399389180,1399389240
1399389240,1399389300
1399389300,1399389360
1399389360,1399389420
1399389420,1399389480
1399389480,1399389540
1399389540,1399389600
1399389600,1399389660
1399389660,1399389720
1399389720,1399389780
1399389780,1399389840
1399389840,1399389900
1399389900,1399389960
1399389960,1399390020
1399390020,1399390080
1399390080,1399390140
1399390140,1399390200
1399390200,1399390260
1399390260,1399390320
1399390320,1399390380
1399390380,1399390440
1399390440,1399390500
1399390500,1399390560
1399390560,1399390620
1399390620,1399390680
1399390680,1399390740
1399390740,1399390800
1399390800,1399390860
1399390860,1399390920
1399390920,1399390980
1399390980,1399391040
1399391040,1399391100
1399391100,1399391160
1399391160,1399391220
1399391220,1399391280
1399391280,1399391340
1399391340,1399391400
1399391400,1399391460
1399391460,1399391520
1399391520,1399391580
1399391580,1399391640
1399391640,1399391700
1399391700,1399391760
1399391760,1399391820
1399391820,1399391880
1399391880,1399391940
1399391940,1399392000
1399392000,1399392060
1399392060,1399392120
1399392120,1399392180
1399392180,1399392240
1399392240,1399392300
1399392300,1399392360
1399392360,1399392420
1399392420,1399392480
1399392480,1399392540
1399392540,1399392600
1399392600,1399392660
1399392660,1399392720
1399392720,1399392780
1399392780,1399392840
1399392840,1399392900
1399392900,1399392960
1399392960,1399393020
1399393020,1399393080
1399393080,1399393140
1399393140,1399393200
1399393200,1399393260
1399393260,1399393320
1399393320,1399393380
1399393380,1399393440
1399393440,1399393500
1399393500,1399393560
1399393560,1399393620
1399393620,1399393680
1399393680,1399393740
1399393740,1399393800
1399393800,1399393860
1399393860,1399393920
1399393920,1399393980
1399393980,1399394040
1399394040,1399394100
1399394100,1399394160
1399394160,1399394220
1399394220,1399394280
1399394280,1399394340
1399394340,1399394400
1399394400,1399394460
1399394460,1399394520
1399394520,1399394580
1399394580,1399394640
1399394640,1399394700
1399394700,1399394760
1399394760,1399394820
1399394820,1399394880
1399394880,1399394940
1399394940,1399395000
1399395000,1399395060
1399395060,1399395120
1399395120,1399395180
1399395180,1399395240
1399395240,1399395300
1399395300,1399395360
1399395360,1399395420
1399395420,1399395480
1399395480,1399395540
1399395540,1399395600
1399395600,1399395660
1399395660,1399395720
1399395720,1399395780
1399395780,1399395840
1399395840,1399395900
1399395900,1399395960
1399395960,1399396020
1399396020,1399396080
1399396080,1399396140
1399396140,1399396200
1399396200,1399396260
1399396260,1399396320
1399396320,1399396380
1399396380,1399396440
1399396440,1399396500
1399396500,1399396560
1399396560,1399396620
1399396620,1399396680
1399396680,1399396740
1399396740,1399396800
1399396800,1399396860
1399396860,1399396920
1399396920,1399396980
1399396980,1399397040
1399397040,1399397100
1399397100,1399397160
1399397160,1399397220
1399397220,1399397280
1399397280,1399397340
1399397340,1399397400
1399397400,1399397460
1399397460,1399397520
1399397520,1399397580
1399397580,1399397640
1399397640,1399397700
1399397700,1399397760
1399397760,1399397820
1399397820,1399397880
1399397880,1399397940
1399397940,1399398000
1399398000,1399398060
1399398060,1399398120
1399398120,1399398180
1399398180,1399398240
1399398240,1399398300
1399398300,1399398360
1399398360,1399398420
1399398420,1399398480
1399398480,1399398540
1399398540,1399398600
1399398600,1399398660
1399398660,1399398720
1399398720,1399398780
1399398780,1399398840
1399398840,1399398900
1399398900,1399398960
1399398960,1399399020
1399399020,1399399080
1399399080,1399399140
1399399140,1399399200
1399399200,1399399260
1399399260,1399399320
1399399320,1399399380
1399399380,1399399440
1399399440,1399399500
1399399500,1399399560
1399399560,1399399620
1399399620,1399399680
1399399680,1399399740
1399399740,1399399800
1399399800,1399399860
1399399860,1399399920
1399399920,1399399980
1399399980,1399400040
1399400040,1399400100
1399400100,1399400160
1399400160,1399400220
1399400220,1399400280
1399400280,1399400340
1399400340,1399400400
1399400400,1399400460
1399400460,1399400520
1399400520,1399400580
1399400580,1399400640
1399400640,1399400700
1399400700,1399400760
1399400760,1399400820
1399400820,1399400880
1399400880,1399400940
1399400940,1399401000
1399401000,1399401060
1399401060,1399401120
1399401120,1399401180
1399401180,1399401240
1399401240,1399401300
1399401300,1399401360
1399401360,1399401420
1399401420,1399401480
1399401480,1399401540
1399401540,1399401600
1399401600,1399401660
1399401660,1399401720
1399401720,1399401780
1399401780,1399401840
1399401840,1399401900
1399401900,1399401960
1399401960,1399402020
1399402020,1399402080
1399402080,1399402140
1399402140,1399402200
1399402200,1399402260
1399402260,1399402320
1399402320,1399402380
1399402380,1399402440
1399402440,1399402500
1399402500,1399402560
1399402560,1399402620
1399402620,1399402680
1399402680,1399402740
1399402740,1399402800
1399402800,1399402860
1399402860,1399402920
1399402920,1399402980
1399402980,1399403040
1399403040,1399403100
1399403100,1399403160
1399403160,1399403220
1399403220,1399403280
1399403280,1399403340
1399403340,1399403400
1399403400,1399403460
1399403460,1399403520
1399403520,1399403580
1399403580,1399403640
1399403640,1399403700
1399403700,1399403760
1399403760,1399403820
1399403820,1399403880
1399403880,1399403940
1399403940,1399404000
1399404000,1399404060
1399404060,1399404120
1399404120,1399404180
1399404180,1399404240
1399404240,1399404300
1399404300,1399404360
1399404360,1399404420
1399404420,1399404480
1399404480,1399404540
1399404540,1399404600
1399404600,1399404660
1399404660,1399404720
1399404720,1399404780
1399404780,1399404840
1399404840,1399404900
1399404900,1399404960
1399404960,1399405020
1399405020,1399405080
1399405080,1399405140
1399405140,1399405200
1399405200,1399405260
1399405260,1399405320
1399405320,1399405380
1399405380,1399405440
1399405440,1399405500
1399405500,1399405560
1399405560,1399405620
1399405620,1399405680
1399405680,1399405740
1399405740,1399405800
1399405800,1399405860
1399405860,1399405920
1399405920,1399405980
1399405980,1399406040
1399406040,1399406100
1399406100,1399406160
1399406160,1399406220
1399406220,1399406280
1399406280,1399406340
1399406340,1399406400
1399406400,1399406460
1399406460,1399406520
1399406520,1399406580
1399406580,1399406640
1399406640,1399406700
1399406700,1399406760
1399406760,1399406820
1399406820,1399406880
1399406880,1399406940
1399406940,1399407000
1399407000,1399407060
1399407060,1399407120
1399407120,1399407180
1399407180,1399407240
1399407240,1399407300
1399407300,1399407360
1399407360,1399407420
1399407420,1399407480
1399407480,1399407540
1399407540,1399407600
1399407600,1399407660
1399407660,1399407720
1399407720,1399407780
1399407780,1399407840
1399407840,1399407900
1399407900,1399407960
1399407960,1399408020
1399408020,1399408080
1399408080,1399408140
1399408140,1399408200
1399408200,1399408260
1399408260,1399408320
1399408320,1399408380
1399408380,1399408440
1399408440,1399408500
1399408500,1399408560
1399408560,1399408620
1399408620,1399408680
1399408680,1399408740
1399408740,1399408800
1399408800,1399408860
1399408860,1399408920
1399408920,1399408980
1399408980,1399409040
1399409040,1399409100
1399409100,1399409160
1399409160,1399409220
1399409220,1399409280
1399409280,1399409340
1399409340,1399409400
1399409400,1399409460
1399409460,1399409520
1399409520,1399409580
1399409580,1399409640
1399409640,1399409700
1399409700,1399409760
1399409760,1399409820
1399409820,1399409880
1399409880,1399409940
1399409940,1399410000
1399410000,1399410060
1399410060,1399410120
1399410120,1399410180
1399410180,1399410240
1399410240,1399410300
1399410300,1399410360
1399410360,1399410420
1399410420,1399410480
1399410480,1399410540
1399410540,1399410600
1399410600,1399410660
1399410660,1399410720
1399410720,1399410780
1399410780,1399410840
1399410840,1399410900
1399410900,1399410960
1399410960,1399411020
1399411020,1399411080
1399411080,1399411140
1399411140,1399411200
1399411200,1399411260
1399411260,1399411320
1399411320,1399411380
1399411380,1399411440
1399411440,1399411500
1399411500,1399411560
1399411560,1399411620
1399411620,1399411680
1399411680,1399411740
1399411740,1399411800
1399411800,1399411860
1399411860,1399411920
1399411920,1399411980
1399411980,1399412040
1399412040,1399412100
1399412100,1399412160
1399412160,1399412220
1399412220,1399412280
1399412280,1399412340
1399412340,1399412400
1399412400,1399412460
1399412460,1399412520
1399412520,1399412580
1399412580,1399412640
1399412640,1399412700
1399412700,1399412760
1399412760,1399412820
1399412820,1399412880
1399412880,1399412940
1399412940,1399413000
1399413000,1399413060
1399413060,1399413120
1399413120,1399413180
1399413180,1399413240
1399413240,1399413300
1399413300,1399413360
1399413360,1399413420
1399413420,1399413480
1399413480,1399413540
1399413540,1399413600
1399413600,1399413660
1399413660,1399413720
1399413720,1399413780
1399413780,1399413840
1399413840,1399413900
1399413900,1399413960
1399413960,1399414020
1399414020,1399414080
1399414080,1399414140
1399414140,1399414200
1399414200,1399414260
1399414260,1399414320
1399414320,1399414380
1399414380,1399414440
1399414440,1399414500
1399414500,1399414560
1399414560,1399414620
1399414620,1399414680
1399414680,1399414740
1399414740,1399414800
1399414800,1399414860
1399414860,1399414920
1399414920,1399414980
1399414980,1399415040
1399415040,1399415100
1399415100,1399415160
1399415160,1399415220
1399415220,1399415280
1399415280,1399415340
1399415340,1399415400
1399415400,1399415460
1399415460,1399415520
1399415520,1399415580
1399415580,1399415640
1399415640,1399415700
1399415700,1399415760
1399415760,1399415820
1399415820,1399415880
1399415880,1399415940
1399415940,1399416000
1399416000,1399416060
1399416060,1399416120
1399416120,1399416180
1399416180,1399416240
1399416240,1399416300
1399416300,1399416360
1399416360,1399416420
1399416420,1399416480
1399416480,1399416540
1399416540,1399416600
1399416600,1399416660
1399416660,1399416720
1399416720,1399416780
1399416780,1399416840
1399416840,1399416900
1399416900,1399416960
1399416960,1399417020
1399417020,1399417080
1399417080,1399417140
1399417140,1399417200
1399417200,1399417260
1399417260,1399417320
1399417320,1399417380
1399417380,1399417440
1399417440,1399417500
1399417500,1399417560
1399417560,1399417620
1399417620,1399417680
1399417680,1399417740
1399417740,1399417800
1399417800,1399417860
1399417860,1399417920
1399417920,1399417980
1399417980,1399418040
1399418040,1399418100
1399418100,1399418160
1399418160,1399418220
1399418220,1399418280
1399418280,1399418340
1399418340,1399418400
1399418400,1399418460
1399418460,1399418520
1399418520,1399418580
1399418580,1399418640
1399418640,1399418700
1399418700,1399418760
1399418760,1399418820
1399418820,1399418880
1399418880,1399418940
1399418940,1399419000
1399419000,1399419060
1399419060,1399419120
1399419120,1399419180
1399419180,1399419240
1399419240,1399419300
1399419300,1399419360
1399419360,1399419420
1399419420,1399419480
1399419480,1399419540
1399419540,1399419600
1399419600,1399419660
1399419660,1399419720
1399419720,1399419780
1399419780,1399419840
1399419840,1399419900
1399419900,1399419960
1399419960,1399420020
1399420020,1399420080
1399420080,1399420140
1399420140,1399420200
1399420200,1399420260
1399420260,1399420320
1399420320,1399420380
1399420380,1399420440
1399420440,1399420500
1399420500,1399420560
1399420560,1399420620
1399420620,1399420680
1399420680,1399420740
1399420740,1399420800
1399420800,1399420860
1399420860,1399420920
1399420920,1399420980
1399420980,1399421040
1399421040,1399421100
1399421100,1399421160
1399421160,1399421220
1399421220,1399421280
1399421280,1399421340
1399421340,1399421400
1399421400,1399421460
1399421460,1399421520
1399421520,1399421580
1399421580,1399421640
1399421640,1399421700
1399421700,1399421760
1399421760,1399421820
1399421820,1399421880
1399421880,1399421940
1399421940,1399422000
1399422000,1399422060
1399422060,1399422120
1399422120,1399422180
1399422180,1399422240
1399422240,1399422300
1399422300,1399422360
1399422360,1399422420
1399422420,1399422480
1399422480,1399422540
1399422540,1399422600
1399422600,1399422660
1399422660,1399422720
1399422720,1399422780
1399422780,1399422840
1399422840,1399422900
1399422900,1399422960
1399422960,1399423020
1399423020,1399423080
1399423080,1399423140
1399423140,1399423200
1399423200,1399423260
1399423260,1399423320
1399423320,1399423380
1399423380,1399423440
1399423440,1399423500
1399423500,1399423560
1399423560,1399423620
1399423620,1399423680
1399423680,1399423740
1399423740,1399423800
1399423800,1399423860
1399423860,1399423920
1399423920,1399423980
1399423980,1399424040
1399424040,1399424100
1399424100,1399424160
1399424160,1399424220
1399424220,1399424280
1399424280,1399424340
1399424340,1399424400
1399424400,1399424460
1399424460,1399424520
1399424520,1399424580
1399424580,1399424640
1399424640,1399424700
1399424700,1399424760
1399424760,1399424820
1399424820,1399424880
1399424880,1399424940
1399424940,1399425000
1399425000,1399425060
1399425060,1399425120
1399425120,1399425180
1399425180,1399425240
1399425240,1399425300
1399425300,1399425360
1399425360,1399425420
1399425420,1399425480
1399425480,1399425540
1399425540,1399425600
1399425600,1399425660
1399425660,1399425720
1399425720,1399425780
1399425780,1399425840
1399425840,1399425900
1399425900,1399425960
1399425960,1399426020
1399426020,1399426080
1399426080,1399426140
1399426140,1399426200
1399426200,1399426260
1399426260,1399426320
1399426320,1399426380
1399426380,1399426440
1399426440,1399426500
1399426500,1399426560
1399426560,1399426620
1399426620,1399426680
1399426680,1399426740
1399426740,1399426800
1399426800,1399426860
1399426860,1399426920
1399426920,1399426980
1399426980,1399427040
1399427040,1399427100
1399427100,1399427160
1399427160,1399427220
1399427220,1399427280
1399427280,1399427340
1399427340,1399427400
1399427400,1399427460
1399427460,1399427520
1399427520,1399427580
1399427580,1399427640
1399427640,1399427669